100 ert 12 12 11 2025 0 0 0 21 1
123 qwe 12 12 11 2025 2 1440 68305 1 15
3333 ggg 7 5 3 2000 0 0 0 22 1
AAA001 KUSHI 10 15 5 2023 0 25 500 23 2
AAA002 KUKKI 14 20 6 2023 1 120 2400 11 5
AAA003 MILKY 9 10 4 2023 2 250 6000 2 8
AAA004 LEENY 16 5 7 2023 0 8 200 24 1
AAA005 AMMU 11 25 8 2023 1 150 3000 12 6
AAA006 RAHUL 13 30 9 2023 0 45 1125 25 2
AAA007 VIDHYA 8 12 10 2023 0 12 300 26 1
AAA008 CHINNU 17 18 11 2023 2 300 7500 3 10
AAA009 BINDU 15 22 12 2023 1 180 3600 13 7
AAA010 HIMA 12 3 1 2024 0 30 750 27 2
AAA011 BUBBY 16 21 1 2002 1 198 594 14 9
AAA012 BOB 2 13 2 2003 2 255 756 4 8
AAA013 MAHESH 3 24 3 2004 1 145 435 15 5
AAA014 ROHITH 13 5 4 2021 0 99 297 28 3
AAA015 VIDHYUL 11 6 5 2022 0 43 129 29 1
AAA016 SANVI 10 7 6 2023 2 356 1068 5 12
AAA017 SINCHAN 7 8 7 2005 1 167 501 16 6
AAA018 DORA 22 9 8 2019 0 22 66 30 1
AAA019 ELENA 20 10 9 2013 1 187 561 17 7
AAA020 STEFEN 19 11 10 2015 2 756 2268 6 15
AAA021 HI 4 5 6 2022 0 27 1300 31 2
aa f 4 5 6 2000 0 0 100 21 1
ee ff 4 5 6 2000 2 2283 114100 21 1
